 129
 129
 129
 129
 129
 129
 129
 129
 129
 129
 129
 129
 129
 129
 129
 129
 129
 129
 129
 129
 129
 129
 129
 129
 128
 128
 128
 128
 128
 129
 128
 128
 128
 128
 129
 129
 128
 128
 129
 129
 129
 129
 129
 129
 129
 129
 129
 129
 129
 129
 129
 129
 129
 129
 129
 129
 129
 129
 129
 129
 129
 129
 129
 129
 129
 129
 129
 129
 129
 129
 129
 129
 129
 129
 129
 129
 128
 128
 129
 128
 129
 129
 129
 129
 129
 129
 129
 129
 129
 129
 129
 129
 129
 129
 128
 129
 129
 129
 129
 129
 129
 129
 128
 129
 129
 129
 128
 128
 129
 129
 129
 128
 128
 129
 129
 129
 129
 129
 129
 129
 129
 129
 129
 129
 129
 129
 129
 129
 128
 128
 129
 129
 129
 129
 129
 129
 129
 129
 128
 129
 129
 129
 129
 129
 129
 129
 129
 128
 129
 129
 129
 129
 129
 129
 128
 129
 129
 129
 129
 129
 129
 150
 143
 107
  91
 119
 164
 164
 119
  80
 103
 159
 175
 131
  79
  93
 152
 179
 140
  81
  87
 146
 180
 145
  83
  84
 143
 180
 147
  84
  83
 142
 180
 147
  83
  84
 144
 181
 145
  81
  86
 148
 181
 141
  78
  89
 154
 180
 134
  75
  94
 161
 177
 124
  72
 102
 169
 173
 113
  72
 113
 176
 167
 100
  74
 126
 180
 157
  88
  79
 141
 182
 144
  78
  89
 157
 179
 127
  72
 102
 171
 172
 107
  72
 121
 180
 160
  88
  79
 142
 183
 142
  75
  92
 163
 178
 118
  70
 111
 178
 165
  94
 129
 129
 129
 128
 129
 129
 129
 129
 129
 129
 129
 129
 129
 129
 129
 129
 129
 129
 129
 129
 129
 129
 129
 129
 129
 128
 128
 128
 128
 129
 128
 128
 128
 128
 128
 129
 128
 129
 129
 129
 129
 129
 129
 129
 129
 129
 129
 129
 129
 129
 129
 129
 129
 129
 129
 129
 129
 129
 129
 129
 129
 129
 129
 129
 129
 129
 129
 129
 129
 129
 129
 128
 128
 129
 129
 129
 129
 129
 129
 128
 128
 129
 129
 129
 129
 129
 129
 129
 129
 129
 129
 129
 129
 129
 128
 129
 129
 128
 129
 128
 129
 129
 129
 128
 129
 129
 128
 129
 129
 129
 129
 129
 129
 129
 129
 129
 129
 129
 128
 129
 129
 129
 128
 128
 128
 129
 129
 129
 129
 129
 129
 129
 129
 129
 129
 128
 129
 129
 129
 129
 129
 129
 129
 129
 129
 129
 129
 129
 129
 128
 129
 129
 129
 129
 129
 129
 129
 129
 129
 129
 128
 144
 149
 118
  90
 108
 154
 170
 134
  85
  91
 144
 177
 148
  89
  82
 134
 178
 156
  94
  78
 128
 178
 160
  97
  76
 124
 177
 162
  99
  75
 123
 177
 162
  98
  75
 124
 178
 161
  95
  76
 129
 180
 158
  91
  78
 135
 181
 152
  85
  82
 143
 181
 145
  79
  87
 152
 180
 134
  75
  95
 163
 177
 121
  72
 106
 172
 171
 106
  72
 120
 179
 161
  91
  77
 137
 182
 148
  79
  87
 155
 180
 129
  72
 101
 171
 173
 108
  71
 120
 180
 160
  88
  79
 143
 183
 141
  75
  93
 165
 177
 115
 129
 129
 129
 129
 129
 129
 129
 129
 129
 129
 129
 129
 129
 129
 129
 129
 129
 129
 129
 129
 129
 129
 129
 129
 129
 128
 128
 128
 128
 129
 128
 128
 128
 128
 129
 129
 128
 129
 129
 129
 129
 129
 129
 129
 129
 129
 129
 128
 129
 129
 129
 129
 129
 128
 129
 129
 128
 129
 129
 129
 129
 129
 129
 129
 128
 129
 129
 129
 129
 129
 129
 128
 128
 129
 128
 128
 129
 128
 129
 128
 129
 129
 129
 129
 129
 129
 129
 129
 129
 129
 129
 129
 129
 129
 129
 129
 129
 129
 129
 129
 129
 129
 128
 129
 129
 129
 129
 129
 129
 129
 129
 129
 129
 129
 129
 129
 129
 129
 129
 129
 129
 129
 129
 129
 129
 129
 129
 129
 129
 129
 129
 129
 129
 129
 128
 129
 129
 129
 129
 129
 129
 129
 129
 129
 128
 129
 129
 129
 129
 129
 129
 129
 129
 129
 129
 129
 129
 129
 129
 129
 130
 152
 139
 103
  92
 125
 167
 161
 112
  79
 109
 164
 172
 123
  76
  99
 158
 177
 132
  77
  93
 153
 179
 137
  79
  89
 151
 180
 140
  79
  88
 150
 180
 140
  78
  89
 152
 180
 137
  77
  91
 156
 179
 132
  75
  95
 161
 178
 125
  73
 101
 168
 174
 115
  72
 110
 174
 169
 104
  73
 121
 179
 161
  92
  76
 135
 182
 150
  82
  84
 150
 181
 136
  74
  95
 164
 177
 117
  71
 110
 176
 167
  98
  74
 130
 182
 153
  82
  83
 151
 181
 133
  72
  99
 170
 174
 109
  71
 120
 181
 159
  87
 129
 129
 129
 129
 129
 129
 129
 129
 129
 129
 129
 129
 129
 129
 129
 129
 129
 129
 129
 129
 129
 129
 129
 129
 129
 128
 128
 128
 128
 129
 128
 128
 128
 