  32
  32
  32
  32
  32
  32
  32
  32
  32
  32
  32
  32
  32
  32
  32
  32
  32
  32
  32
  32
  32
  32
  32
  32
  32
  32
  32
  32
  32
  32
  32
  32
  32
  32
  32
  32
  32
  32
  32
  32
  32
  32
  32
  32
  32
  32
  32
  32
  36
  36
  28
  22
  28
  40
  42
  30
  24
  39
  45
  34
  21
  37
  47
  37
  20
  35
  47
  38
  21
  18
  33
  47
  39
  21
  33
  47
  40
  21
  33
  47
  39
  21
  18
  34
  47
  39
  20
  18
  35
  48
  37
  37
  48
  35
  18
  21
  39
  47
  32
  23
  42
  46
  29
  16
  26
  45
  44
  25
  16
  29
  47
  41
  22
  34
  48
  37
  18
  20
  39
  47
  32
  16
  23
  43
  45
  27
  16
  28
  46
  42
  22
  34
  48
  36
  18
  21
  41
  47
  30
  16
  26
  46
  43
  21
  16
  34
  42
  35
  30
  29
  32
  33
  33
  31
  31
  32
  32
  32
  32
  32
  32
  32
  32
  32
  32
  32
  32
  32
  32
  32
  32
  32
  32
  32
  32
  32
  32
  32
  32
  32
  32
  32
  32
  32
  32
  32
  32
  32
  32
  32
  32
  32
  32
  32
  32
  32
  32
  32
  32
  32
  32
  32
  32
  32
  32
  32
  32
  32
  32
  32
  32
  32
  32
  32
  32
  32
  32
  32
  32
  32
  32
  32
  32
  32
  32
  32
  32
  32
  32
  32
  32
  32
  32
  32
  32
  32
  32
  33
  37
  34
  25
  23
  32
  43
  39
  26
  28
  43
  43
  28
  25
  42
  45
  31
  23
  40
  46
  33
  21
  39
  47
  34
  18
  21
  39
  47
  34
  18
  21
  39
  47
  34
  21
  39
  47
  33
  22
  41
  47
  31
  16
  23
  42
  46
  29
  16
  25
  44
  44
  26
  16
  28
  46
  43
  23
  31
  47
  40
  20
  18
  35
  48
  36
  18
  20
  40
  47
  32
  16
  24
  44
  45
  26
  16
  29
  46
  42
  22
  34
  48
  37
  18
  20
  40
  47
  31
  16
  25
  45
  44
  24
  16
  32
  48
  38
  38
  41
  34
  29
  29
  32
  33
  33
  31
  31
  32
  32
  32
  32
  32
  32
  32
  32
  32
  32
  32
  32
  32
  32
  32
  32
  32
  32
  32
  32
  32
  32
  32
  32
  32
  32
  32
  32
  32
  32
  32
  32
  32
  32
  32
  32
  32
  32
  32
  32
  32
  32
  32
  32
  32
  32
  32
  32
  32
  32
  32
  32
  32
  32
  32
  32
  32
  32
  32
  32
  32
  32
  32
  32
  32
  32
  32
  32
  32
  32
  32
  32
  32
  32
  32
  32
  32
  32
  32
  32
  32
  32
  32
  36
  36
  28
  22
  28
  40
  42
  31
  23
  38
  45
  35
  20
  20
  35
  47
  38
  21
  18
  33
  47
  39
  22
  32
  46
  41
  23
  31
  46
  41
  23
  31
  47
  41
  22
  32
  47
  40
  22
  33
  47
  39
  20
  18
  35
  47
  37
  37
  47
  35
  18
  21
  40
  47
  32
  16
  23
  43
  45
  28
  16
  27
  45
  43
  24
  16
  31
  47
  40
  20
  18
  36
  48
  35
  18
  21
  41
  47
  30
  16
  25
  45
  44
  24
  16
  31
  47
  39
  20
  37
  48
  33
  23
  43
  46
  25
  15
  30
  42
  37
  30
  29
  31
  33
  33
  32
  31
  32
  32
  32
  32
  32
  32
  32
  32
  32
  32
  32
  32
  32
  32
  32
  32
  32
  32
  32
  32
  32
  32
  32
  32
  32
  32
  32
  32
  32
  32
  32
  32
  32
  32
  32
  32
  32
  32
  32
  32
  32
  32
  32
  32
  32
  32
  32
  32
  32
  32
  32
  32
  32
  32
  32
  32
  32
  32
  32
  32
  32
  32
  32
  32
  32
  32
  32
  32
  32
  32
  32
  32
  32
  32
  32
  32
  32
  32
  32
  32
  32
  32
  32
  37
  35
  27
  22
  29
  41
  41
  29
  25
  40
  45
  33
  21
  37
  46
  36
  35
  47
  38
  20
  18
  34
  47
  39
  21
  18
  33
  47
  39
  21
  18
  33
  47
  39
  21
  18
  34
  47
  39
  20
  18
  35
  47
  37
  37
  47
  35
  18
  21
  39
  47
  33
  22
  42
  46
  30
  16
  25
  44
  44
  26
  16
  29
  46
  42
  22
  33
  47
  38
  38
  47
  34
  22
  42
  46
  28
  16
  27
  46
  43
  23
  33
  47
  38
  20
  39
  47
  32
  16
  24
  44
  45
  23
  15
  31
  42
  36
  30
  29
  31
  33
  33
  32
  31
  32
  32
  32
  32
  32
  32
  32
  32
  32
  32
  32
  32
  32
  32
  32
  32
  32
  32
  32
  32
  32
  32
  32
  32
  32
  32
  32
  32
  32
  32
  32
  32
  32
  32
  32
  32
  32
  32
  32
  32
  32
  32
  32
  32
  32
  32
  32
  32
  32
  32
  32
  32
  32
  32
  32
  32
  32
  32
  32
  32
  32
  32
  32
  32
  32
  32
  32
  32
  32
  32
  32
  32
  32
  32
  32
  32
  32
  32
  32
  32
  32
  32
  32
  36
  36
  29
  22
  27
  39
  42
  32
  20
  23
  37
  45
  36
  20
 