  62
  68
  54
  66
 251
 131
   0
   9
   4
 116
 154
  25
 227
  54
  85
  32
  86
  87
  82
  78
  63
  64
  64
  59
  64
 246
  61
 215
  53
 100
 186
 207
  32
 232
 121
 228
  45
  96
  83
  76
  64
  65
  70
  59
  69
 221
  75
  41
 235
 219
   1
 127
 174
 216
 210
 213
 110
  89
  84
  82
  64
  65
  62
  63
 120
  92
  55
 193
   7
 221
  24
 217
 109
  99
 181
 184
  71
  91
  80
  79
  67
  62
  59
  50
  63
  74
  81
 129
 119
 101
  47
 215
 157
 105
 100
  79
 100
  87
  84
  76
  60
  60
  59
  55
 123
 182
  77
  49
  42
  50
  95
 165
 147
 185
 202
 118
  67
  88
  82
  79
  60
  60
  64
  64
  60
 130
 125
 232
 203
 241
  85
  50
 131
 199
  70
 188
 110
  79
  83
  76
  64
  61
  63
  56
  67
  92
 104
 125
  91
  39
 254
 183
 223
   6
  98
 212
  97
  83
  85
  79
  67
  63
  58
  59
  60
  54
  18
 254
 173
  78
  68
 126
 137
 173
 199
  12
 103
  90
  78
  80
  64
  64
  68
  62
  65
  61
  81
 140
  50
 212
 241
 205
  87
 123
   2
  33
   9
  69
  88
  79
  65
  64
  63
  58
  64
  90
 206
  42
  69
 238
  29
 141
  38
 140
 135
 143
  39
  80
  86
  86
  62
  66
  67
  68
  66
 161
  59
  22
  21
  32
 195
  80
 159
 172
  82
  16
  21
  85
  87
  80
  59
  66
  60
  60
  65
 223
  57
  74
 242
 100
   5
 152
 135
 102
  42
 198
 234
  97
  83
  80
  69
  69
  75
  58
  69
  48
 166
 216
 200
 242
 170
  65
  64
 154
 144
 100
  10
  90
  87
  81
  62
  63
  62
  59
  64
  77
 123
 151
 171
 221
  72
 201
 238
 196
  27
 174
 236
  92
  89
  77
  66
  69
  64
  59
 168
 215
 161
  55
 213
  99
 143
 169
  23
 109
 245
  67
 103
  88
  78
  58
  66
  67
  59
  76
 251
  78
 239
  33
  37
 186
  91
 240
   4
 134
 170
 214
  82
  85
  77
  64
  58
  72
  63
  67
  25
  38
 195
 160
  69
  82
 103
  66
  82
   8
 157
 244
  90
  83
  80
  66
  66
  70
  61
  67
 151
 139
 156
 164
  80
 219
  37
  44
  16
 164
 108
 204
  91
  85
  82
  63
  64
  61
  63
  79
  29
  60
  20
 119
 107
 164
  56
 236
  27
 204
  90
 107
  91
  81
  62
  61
  54
  60
  58
 226
 121
 118
  69
   6
 224
 161
 105
  64
  56
 113
  93
  81
  76
  68
  59
  67
  52
  65
 180
  26
  91
  72
  84
 249
 123
 161
 110
 243
  82
   7
  87
  78
  71
  60
  57
  58
  58
 231
 141
  47
 149
 226
 180
 238
 225
  89
  10
   3
 156
  82
  86
  77
  58
  58
  68
  58
  62
  31
 194
  69
 203
 175
 147
  89
  67
  24
 144
 227
  88
  90
  80
  76
  58
  62
  56
  59
 239
 166
 215
 142
 187
 206
  22
  51
 100
 210
  38
  78
  84
  83
  77
  62
  62
  81
  63
  66
 247
  38
   7
 166
  71
 100
 249
 152
 239
 243
 114
 131
  91
  81
  83
  67
  61
  58
  60
 140
  20
 143
 224
 154
  61
  36
  28
 126
 111
 108
 253
  73
  90
  85
  79
  67
  66
  66
  63
 235
 163
  62
 206
  11
 137
 169
  27
 144
 211
  72
  95
  91
  82
  81
  64
  67
  75
  63
 152
  22
 169
   6
  28
 186
 118
  16
  16
  10
 226
 121
  96
  86
  88
  71
  69
  61
  67
 228
 129
   2
 166
  15
   1
  64
 146
 190
 122
  21
 244
 101
  98
  89
  81
  66
  73
  74
  61
  72
  44
 160
 203
  62
 134
  96
 197
 169
 175
  55
  84
  12
  98
  89
  90
  63
  71
  83
  66
  93
  58
  27
 191
 173
 156
  56
 113
 249
  23
  18
  56
 116
  92
  88
  88
  64
  71
  80
  62
  69
 246
 227
  21
  75
 249
  77
 225
   1
 226
  15
 132
  70
  91
  88
  83
  67
  71
  71
  55
  72
  45
 148
 202
 190
 205
 229
  62
 224
  11
 161
 109
 243
  86
  89
  80
  72
  68
  72
  65
  72
  60
  15
 251
   9
 147
 105
 232
  40
 254
 163
 130
  27
  74
  92
  85
  68
  65
  64
  61
  62
 148
  33
 114
 112
 215
  34
 165
 199
 188
 180
 127
  45
  68
  84
  83
  70
  67
  75
  59
  73
 120
  57
  38
  46
  95
 122
  81
  37
 111
   0
  10
 196
  88
  87
  79
  68
  68
  75
  57
  70
 108
 207
 226
 231
  95
 151
 188
  73
  73
 124
  39
   4
  90
  84
  83
  65
  71
  69
  69
  69
  41
 224
 186
 151
 203
   5
 122
 211
  92
  80
  38
 104
  69
  89
  78
  66
  68
  65
  57
  70
 173
  63
  26
 199
 137
 152
 171
  28
  54
 193
  68
 171
  94
  87
  83
  66
  64
  65
  65
  63
 195
 129
 191
  25
  36
  92
  61
 161
  62
  45
 245
  78
  66
  84
  83
  66
  68
  68
  68
  66
 191
 